% Ground Control points determined using multiple methods
% Refers to IMG_8902
%
%
% X,Y,Z    U,V
    445562 7395662 596.4 1951+9 1490+4 
    445629 7395649 581.6 1732+9 1563+4 
    445620 7395161 898.2 579+9 369+4 
    446238 7396055 586.4 816+9 2212+4 
    445405 7395999 530.9 3405+9 1816+4 
    445359.2 7396092.5 519.2  3851 1889 
    446286.2 7396088.5 584.8  681 2346 
    445529.2 7395433.5 812.1  1435 662
    446545.2 7396447.5 688.5  845 2520
    445707.2 7396233.5 453.8  3779 2579 
    445712.2 7395009.5 915.8  42 321 
    446567.2 7396419.5 701.9  113 2230
    445579.2 7395962.5 515.9  2910 1963
    445463.2 7395719.5 619.1  2373 1396 
    445915.2 7395744.5 575.2  1126 1766 
    446052.2 7396174.5 491.0  2400 2783 
    445871.2 7396162.5 484.7  2988 2539
    445924.2 7395992.5 568.2  2019 1968
    445497.2 7396177.5 456.5  3945 2304
    445632.2 7396285.5 432.0  4191 2654
    445587.2 7395876.5 542.6  2582 1810
    445982.2 7395471.5 668.3  100 1253
    445847.2 7395218.5 699.9  29 1061
    446565.2 7396453.5 694.3  572 2511
    445795.2 7395472.5 632.1  766 1364
    445430.2 7395896.5 563.8  3011 1658
    446525.2 7396464.5 691.0  1399 2458
    445637.2 7395378.5 781.8  1011 764
